
------------Variable------------
Neural name	2-3-3-2
Activation func	tanh
Learning rate	0.2
Momentum	0.3
Epoch		1000
TrainingFile	cross.pat


------------- Cross validation block 1 -------------

------------Testing-------------

Features 	Output				Desired class
0.4909 0.5871 	[ 0.5584567458  0.9361326641] 	[0 1]
0.6990 0.4454 	[ 0.8695548627  0.0441903078] 	[0 1]
0.0842 0.4683 	[ 0.8952840072 -0.1082478455] 	[0 1]
0.1412 0.6891 	[ 0.8952779768 -0.1082425376] 	[1 0]
0.2988 0.5136 	[ 0.8869818274 -0.0931501928] 	[0 1]
0.8273 0.9289 	[ 0.8826606639 -0.0609456557] 	[1 0]
0.9228 0.6112 	[ 0.8832532397 -0.0629172679] 	[0 1]
0.8428 0.7575 	[ 0.8831331912 -0.0625647764] 	[1 0]
0.5577 0.9503 	[ 0.5583331480  0.9361819567] 	[0 1]
1.0000 0.4854 	[ 0.8832525370 -0.0629129159] 	[0 1]
0.4469 0.5430 	[ 0.5591267596  0.9358908571] 	[0 1]
0.6031 0.4165 	[ 0.5663161318  0.9332122339] 	[0 1]
0.4107 0.5648 	[ 0.5627715013  0.9345283776] 	[0 1]
0.7200 0.0997 	[ 0.8827773356 -0.0613834647] 	[1 0]
0.5459 0.7060 	[ 0.5584580073  0.9361351737] 	[0 1]
0.7249 0.8469 	[ 0.7577950528  0.6940696613] 	[1 0]
0.8869 0.2814 	[ 0.8832482665 -0.0628986838] 	[1 0]
0.3620 0.8441 	[ 0.7641188082  0.6717013428] 	[1 0]
0.5533 0.5493 	[ 0.5587729628  0.9360240511] 	[0 1]
0.6844 0.9535 	[ 0.5697891319  0.9318116584] 	[1 0]

Error AV 0.4888648939
Accuracy 70.0000%
----------------------------------------------------


------------- Cross validation block 2 -------------

------------Testing-------------

Features 	Output				Desired class
0.8855 0.1773 	[ 0.8701246758  0.0232319506] 	[1 0]
0.7974 0.7302 	[ 0.9372701057  0.0768045834] 	[1 0]
0.4824 0.9477 	[ 0.8597113129  0.5838023718] 	[0 1]
0.8077 0.7634 	[ 0.9386941118  0.0223490075] 	[1 0]
0.2358 0.5684 	[ 0.9508239130 -0.0535324714] 	[0 1]
0.3496 0.1067 	[ 0.8749576511  0.1005420079] 	[1 0]
0.4653 0.6214 	[-0.0321216485  0.9782191933] 	[0 1]
0.5640 0.5521 	[-0.0321434251  0.9782202843] 	[0 1]
0.7779 0.2660 	[ 0.8697860218  0.0254711529] 	[1 0]
0.3661 0.5083 	[-0.0299984912  0.9781125754] 	[0 1]
0.3956 0.5292 	[-0.0314695006  0.9781864980] 	[0 1]
0.3831 0.8177 	[ 0.7528171072  0.7765923014] 	[1 0]
0.2252 0.2299 	[ 0.8983411219  0.0483584268] 	[1 0]
0.7396 0.1480 	[ 0.8666799878  0.0395856340] 	[1 0]
0.2756 0.9146 	[ 0.9507679020 -0.0528759422] 	[1 0]
0.8915 0.8043 	[ 0.9379982214 -0.0045682334] 	[1 0]
0.8386 0.7856 	[ 0.9382571631  0.0021765425] 	[1 0]
0.7459 0.2783 	[ 0.8688898696  0.0314069007] 	[1 0]
0.9788 0.2190 	[ 0.8703612566  0.0223560453] 	[1 0]
0.2956 0.7931 	[ 0.9507334267 -0.0524597036] 	[1 0]

Error AV 0.4650424510
Accuracy 85.0000%
----------------------------------------------------


------------- Cross validation block 3 -------------

------------Testing-------------

Features 	Output				Desired class
0.0523 0.8042 	[ 0.8977605686  0.0109859681] 	[1 0]
0.1897 0.7067 	[ 0.8975969915  0.0110418566] 	[1 0]
0.8510 0.3547 	[ 0.9381493832  0.0464733380] 	[1 0]
0.5200 0.7388 	[-0.0240123544  0.9774078259] 	[0 1]
0.1989 0.1818 	[ 0.9413854743 -0.0118333169] 	[1 0]
0.4394 0.7473 	[-0.0252064204  0.9775190322] 	[0 1]
0.9737 0.0683 	[ 0.9384465982  0.0412511297] 	[1 0]
0.8873 0.7189 	[ 0.8688047797  0.0765450965] 	[1 0]
0.7357 0.1887 	[ 0.9392236080  0.0274722280] 	[1 0]
0.0902 0.2690 	[ 0.9413506208 -0.0111910524] 	[1 0]
0.4005 0.2314 	[ 0.1880892442  0.9467982551] 	[0 1]
0.3304 0.5528 	[ 0.1726207979  0.9571932425] 	[0 1]
0.4285 0.6941 	[-0.0252389928  0.9775220306] 	[0 1]
0.3086 0.5060 	[ 0.6278720986  0.5967898337] 	[0 1]
0.4509 0.0853 	[ 0.0784127332  0.9682266560] 	[0 1]
0.8239 0.6233 	[ 0.8684457374  0.0764061416] 	[0 1]
0.3897 0.4966 	[-0.0252500135  0.9775229973] 	[0 1]
0.4280 0.5098 	[-0.0227747014  0.9772909798] 	[0 1]
0.3903 0.4089 	[-0.0195333729  0.9769825198] 	[0 1]
0.5411 0.3724 	[-0.0105457775  0.9761172460] 	[0 1]

Error AV 0.4615466652
Accuracy 90.0000%
----------------------------------------------------


------------- Cross validation block 4 -------------

------------Testing-------------

Features 	Output				Desired class
0.1539 0.7021 	[ 0.8522385532  0.5609975186] 	[1 0]
0.3672 0.9987 	[ 0.7994166035  0.7658571501] 	[1 0]
0.6822 0.3444 	[ 0.9774836890  0.0249106878] 	[1 0]
0.7736 0.8976 	[ 0.9501104469 -0.3061531075] 	[1 0]
0.7948 0.5374 	[ 0.6408150380  0.9548071389] 	[0 1]
0.5119 0.4503 	[ 0.6263899088  0.9711682207] 	[0 1]
0.1958 0.7386 	[ 0.9151098346 -0.0095122771] 	[1 0]
0.3480 0.7506 	[ 0.8191570840  0.7140043406] 	[1 0]
0.4509 0.5433 	[ 0.6237281828  0.9711884719] 	[0 1]
0.9716 0.7389 	[ 0.9268867384  0.0872020982] 	[1 0]
0.7387 0.4991 	[ 0.6710180769  0.9485289128] 	[0 1]
0.4503 0.6102 	[ 0.6092391956  0.9712637883] 	[0 1]
0.2580 0.8219 	[ 0.9251025092 -0.1745399947] 	[1 0]
0.4771 0.5672 	[ 0.6212306910  0.9712029876] 	[0 1]
0.5474 0.2817 	[ 0.6273493714  0.9708758100] 	[0 1]
0.3052 0.6927 	[ 0.7309246315  0.8754202885] 	[1 0]
0.5059 0.4930 	[ 0.6259276118  0.9711739501] 	[0 1]
0.0566 0.4951 	[ 0.6460891807  0.9566535472] 	[0 1]
0.4343 0.5832 	[ 0.6177023429  0.9712197637] 	[0 1]
0.5088 0.5415 	[ 0.6241930668  0.9711857162] 	[0 1]

Error AV 0.4707116880
Accuracy 95.0000%
----------------------------------------------------


------------- Cross validation block 5 -------------

------------Testing-------------

Features 	Output				Desired class
0.9834 0.5201 	[ 0.5093939052  0.5033126507] 	[0 1]
0.1452 0.3705 	[ 0.5064725441  0.5003919942] 	[1 0]
0.4692 0.4133 	[ 0.5083452771  0.5022591715] 	[0 1]
0.5629 0.5807 	[ 0.5085004152  0.5024204717] 	[0 1]
0.6352 1.0000 	[ 0.5078487706  0.5017884287] 	[0 1]
0.8344 0.5514 	[ 0.5094489408  0.5033661232] 	[0 1]
0.2097 0.8957 	[ 0.5050427802  0.4989904742] 	[1 0]
0.4892 0.6156 	[ 0.5080083017  0.5019315626] 	[0 1]
0.6445 0.8764 	[ 0.5082724006  0.5022052644] 	[1 0]
0.1332 0.5733 	[ 0.5056884800  0.4996197478] 	[0 1]
0.8847 0.8514 	[ 0.5095021737  0.5034300186] 	[1 0]
0.1931 0.2549 	[ 0.5071363156  0.5010482920] 	[1 0]
0.5236 0.3460 	[ 0.5086885525  0.5025988004] 	[0 1]
0.1269 0.1416 	[ 0.5070259443  0.5009337475] 	[1 0]
0.2574 0.3660 	[ 0.5072374634  0.5011535722] 	[1 0]
0.7590 0.3777 	[ 0.5092579344  0.5031692530] 	[1 0]
0.4419 0.9173 	[ 0.5067339879  0.5006750286] 	[0 1]
0.8724 0.4701 	[ 0.5093986345  0.5033139460] 	[0 1]
0.1240 0.2975 	[ 0.5065577119  0.5004737936] 	[1 0]
0.7686 0.3057 	[ 0.5091825118  0.5030920030] 	[1 0]

Error AV 0.2500049732
Accuracy 50.0000%
----------------------------------------------------


------------- Cross validation block 6 -------------

------------Testing-------------

Features 	Output				Desired class
0.2448 0.2711 	[ 0.5054244011  0.5001791976] 	[1 0]
0.5526 0.4095 	[ 0.5066513838  0.5014021724] 	[0 1]
0.0119 0.7999 	[ 0.5018824769  0.4966586250] 	[1 0]
0.4339 0.6054 	[ 0.5057703928  0.5005263321] 	[0 1]
0.1209 0.7077 	[ 0.5031306551  0.4978998957] 	[1 0]
0.6008 0.7255 	[ 0.5063814707  0.5011357794] 	[0 1]
0.5325 0.7068 	[ 0.5060939626  0.5008493095] 	[0 1]
0.7909 0.2158 	[ 0.5065457242  0.5012976182] 	[1 0]
0.7044 0.2208 	[ 0.5067997103  0.5015496650] 	[1 0]
0.6330 0.2632 	[ 0.5068691260  0.5016184566] 	[1 0]
0.7246 0.2069 	[ 0.5067454257  0.5014957370] 	[1 0]
0.1364 0.7663 	[ 0.5030567746  0.4978268564] 	[1 0]
0.1337 0.7618 	[ 0.5030497314  0.4978198109] 	[1 0]
0.4154 0.6172 	[ 0.5056303832  0.5003870420] 	[0 1]
0.3718 0.5199 	[ 0.5056003456  0.5003563546] 	[0 1]
0.2047 0.2394 	[ 0.5052443889  0.4999997501] 	[1 0]
0.3932 0.7691 	[ 0.5050798594  0.4998402640] 	[0 1]
0.5952 0.7574 	[ 0.5063016388  0.5010565250] 	[0 1]
0.3431 0.5531 	[ 0.5053304077  0.5000879094] 	[0 1]
0.6262 0.5184 	[ 0.5067360502  0.5014874478] 	[0 1]

Error AV 0.2500020959
Accuracy 50.0000%
----------------------------------------------------


------------- Cross validation block 7 -------------

------------Testing-------------

Features 	Output				Desired class
0.4777 0.0000 	[-0.0203697909  0.9415170693] 	[0 1]
0.1556 0.2654 	[ 0.9535008863 -0.0438104444] 	[1 0]
0.2962 0.0697 	[ 0.9535009035 -0.0438102677] 	[1 0]
0.3983 0.4703 	[-0.0247234944  0.9430662151] 	[0 1]
0.5370 0.4896 	[-0.0247226138  0.9430663061] 	[0 1]
0.8175 0.2770 	[ 0.9535009132 -0.0438101683] 	[1 0]
0.3461 0.5444 	[ 0.1678253500  0.8756314225] 	[0 1]
0.5935 0.5255 	[-0.0247229349  0.9430662729] 	[0 1]
0.7385 0.7779 	[ 0.8611335792  0.0571545544] 	[1 0]
0.5934 0.4977 	[-0.0247228321  0.9430662835] 	[0 1]
0.5313 0.7802 	[-0.0247226935  0.9430662979] 	[0 1]
0.8717 0.7477 	[ 0.8642009565  0.0536523712] 	[1 0]
0.6155 0.5313 	[-0.0247236284  0.9430658557] 	[0 1]
0.8496 0.8346 	[ 0.8661352828  0.0507236440] 	[1 0]
0.6744 0.7515 	[ 0.7945530154  0.1434726028] 	[1 0]
0.8392 0.5134 	[ 0.8495286676  0.0762957375] 	[0 1]
0.4470 0.5504 	[-0.0247226272  0.9430663047] 	[0 1]
0.6870 0.8106 	[ 0.8409128390  0.0822480914] 	[1 0]
0.8143 0.5887 	[ 0.8560902142  0.0658734520] 	[0 1]
0.2438 0.1689 	[ 0.9535008826 -0.0438104820] 	[1 0]

Error AV 0.4579957950
Accuracy 90.0000%
----------------------------------------------------


------------- Cross validation block 8 -------------

------------Testing-------------

Features 	Output				Desired class
0.1619 0.2285 	[ 0.5362104870  0.4815654516] 	[1 0]
0.0928 0.8304 	[ 0.5374790212  0.4827647510] 	[1 0]
0.5031 0.5944 	[ 0.5377715685  0.4830413311] 	[0 1]
0.8311 0.5247 	[ 0.5382833261  0.4835252834] 	[0 1]
0.8837 0.6746 	[ 0.5387414622  0.4839586346] 	[0 1]
0.8217 0.6893 	[ 0.5386484393  0.4838706474] 	[1 0]
0.3458 0.6498 	[ 0.5375773520  0.4828576932] 	[0 1]
0.6064 0.5329 	[ 0.5378403158  0.4831063288] 	[0 1]
0.0609 0.1103 	[ 0.5357240553  0.4811057187] 	[1 0]
0.6484 0.7466 	[ 0.5384261825  0.4836604369] 	[0 1]
0.5068 0.4199 	[ 0.5373707860  0.4826623373] 	[0 1]
0.1472 0.1856 	[ 0.5360793787  0.4814415304] 	[1 0]
0.4163 0.7219 	[ 0.5378911551  0.4831544398] 	[0 1]
0.0901 0.2039 	[ 0.5360043565  0.4813706310] 	[1 0]
0.4347 0.5128 	[ 0.5374397643  0.4827275738] 	[0 1]
0.1408 0.5054 	[ 0.5368165817  0.4821384037] 	[0 1]
0.2488 0.4502 	[ 0.5369099479  0.4822266561] 	[0 1]
0.4755 0.5915 	[ 0.5377079708  0.4829811923] 	[0 1]
0.7032 0.5949 	[ 0.5381844015  0.4834317380] 	[0 1]
0.7772 0.4676 	[ 0.5380390329  0.4832942366] 	[0 1]

Error AV 0.2502984471
Accuracy 30.0000%
----------------------------------------------------


------------- Cross validation block 9 -------------

------------Testing-------------

Features 	Output				Desired class
0.8016 0.5192 	[ 0.5264565937  0.5115329797] 	[0 1]
0.8188 0.1137 	[ 0.5341363892  0.4893771669] 	[1 0]
0.3749 0.7395 	[ 0.5146153603  0.4768270642] 	[0 1]
0.0866 0.8116 	[ 0.5074842808  0.4479624684] 	[1 0]
0.2655 0.2685 	[ 0.5200798698  0.4366984172] 	[0 1]
0.4784 0.3855 	[ 0.5228743680  0.4672824590] 	[0 1]
0.6544 0.4623 	[ 0.5249084208  0.4917829442] 	[0 1]
0.7466 0.8522 	[ 0.5191062266  0.5247616716] 	[1 0]
0.2653 0.2286 	[ 0.5206475063  0.4344776819] 	[1 0]
0.9551 0.3439 	[ 0.5323624576  0.5180092479] 	[1 0]
0.7559 0.7985 	[ 0.5203111509  0.5227248090] 	[1 0]
0.8897 0.1033 	[ 0.5356193981  0.4966399267] 	[1 0]
0.3561 0.4977 	[ 0.5184783021  0.4600767618] 	[0 1]
0.6740 0.5383 	[ 0.5238657000  0.4985395675] 	[0 1]
0.7038 0.3263 	[ 0.5282659076  0.4891774993] 	[1 0]
0.6737 0.5399 	[ 0.5238306150  0.4986017927] 	[0 1]
0.5050 0.2814 	[ 0.5251526827  0.4641344125] 	[0 1]
0.1889 0.8486 	[ 0.5089750207  0.4620530460] 	[1 0]
0.5359 0.5659 	[ 0.5208295969  0.4846451072] 	[0 1]
0.9319 0.8400 	[ 0.5224128075  0.5431047092] 	[1 0]

Error AV 0.2510464663
Accuracy 35.0000%
----------------------------------------------------


------------- Cross validation block 10 -------------

------------Testing-------------

Features 	Output				Desired class
0.3349 0.8492 	[-0.0602010063  0.9707556472] 	[1 0]
0.2142 0.2516 	[ 0.9044495887  0.4819365651] 	[1 0]
0.0538 0.1519 	[ 0.9167533156  0.4192368315] 	[1 0]
0.6600 0.8513 	[ 0.8891590035  0.0604410962] 	[1 0]
0.2582 0.0687 	[ 0.8978201324  0.5064489232] 	[1 0]
0.8590 0.0838 	[ 0.9133395754 -0.0508613679] 	[1 0]
0.2431 0.1419 	[ 0.9005305017  0.4960843163] 	[1 0]
0.1830 0.8217 	[ 0.9204801381  0.3696900516] 	[1 0]
0.1823 0.7609 	[ 0.9202964084  0.3852476533] 	[1 0]
0.8930 0.2511 	[ 0.9140268804 -0.0493930657] 	[1 0]
0.6119 0.6125 	[-0.0801317527  0.9782892786] 	[0 1]
0.5675 0.2185 	[ 0.9073180658  0.0066442236] 	[0 1]
0.0000 0.1668 	[ 0.9168903644  0.4185696788] 	[1 0]
0.8189 0.2253 	[ 0.9137646427 -0.0500424945] 	[1 0]
0.9222 0.8117 	[ 0.8946282597  0.0279200455] 	[1 0]
0.4983 0.3113 	[-0.1262860964  0.9756518609] 	[0 1]
0.0030 0.9024 	[ 0.9224934620  0.3543991515] 	[1 0]
0.5738 0.1506 	[ 0.9089296159 -0.0084783853] 	[0 1]
0.8818 0.8665 	[ 0.8948781331  0.0215144468] 	[1 0]
0.2525 0.2539 	[ 0.8855755699  0.5544533269] 	[1 0]

Error AV 0.3899632209
Accuracy 85.0000%
----------------------------------------------------
Error Average  0.37354766967
